#Wavelength[A]	Energy Flux Density[erg/s/A/cm2]
         6564.667347 	     1.1158561319e+02
         6564.622749 	     1.1459540105e+02
         6564.578152 	     1.1773061688e+02
         6564.533555 	     1.2099867474e+02
         6564.488959 	     1.2440769687e+02
         6564.444364 	     1.2796664291e+02
         6564.399769 	     1.3168550158e+02
         6564.355174 	     1.3557556859e+02
         6564.310581 	     1.3964980631e+02
         6564.265988 	     1.4392341300e+02
         6564.221395 	     1.4841455172e+02
         6564.176803 	     1.5314542497e+02
         6564.132212 	     1.5814382966e+02
         6564.087621 	     1.6344526833e+02
         6564.043031 	     1.6909597768e+02
         6563.998442 	     1.7515709378e+02
         6563.953853 	     1.8171052619e+02
         6563.909265 	     1.8886690207e+02
         6563.864677 	     1.9677657397e+02
         6563.820090 	     2.0564442349e+02
         6563.775504 	     2.1574992708e+02
         6563.730918 	     2.2747380430e+02
         6563.686333 	     2.4133345211e+02
         6563.641748 	     2.5802930227e+02
         6563.597164 	     2.7850536285e+02
         6563.552581 	     3.0402723524e+02
         6563.507998 	     3.3628180204e+02
         6563.463416 	     3.7750383730e+02
         6563.418834 	     4.3063462016e+02
         6563.374253 	     4.9951960141e+02
         6563.329673 	     5.8915160021e+02
         6563.285093 	     7.0596764019e+02
         6563.240514 	     8.5820776030e+02
         6563.195936 	     1.0563436523e+03
         6563.151358 	     1.3135867937e+03
         6563.106780 	     1.6464830959e+03
         6563.062204 	     2.0756030852e+03
         6563.017627 	     2.6263341190e+03
         6562.973052 	     3.3297795221e+03
         6562.928477 	     4.2237719093e+03
         6562.883903 	     5.3540010073e+03
         6562.839329 	     6.7752623057e+03
         6562.794756 	     8.5528287950e+03
         6562.750183 	     1.0763956614e+04
         6562.705611 	     1.3499535141e+04
         6562.661040 	     1.6865914947e+04
         6562.616470 	     2.0986966977e+04
         6562.571899 	     2.6006468780e+04
         6562.527330 	     3.2090973630e+04
         6562.482761 	     3.9433440432e+04
         6562.438193 	     4.8258056928e+04
         6562.393625 	     5.8826965822e+04
         6562.349058 	     7.1450011486e+04
         6562.304492 	     8.6499290624e+04
         6562.259926 	     1.0443116783e+05
         6562.215361 	     1.2581971398e+05
         6562.170796 	     1.5140703307e+05
         6562.126232 	     1.8217740367e+05
         6562.081669 	     2.1946132707e+05
         6562.037106 	     2.6508292644e+05
         6561.992544 	     3.2152777840e+05
         6561.947982 	     3.9213337119e+05
         6561.903421 	     4.8123658648e+05
         6561.858861 	     5.9417974427e+05
         6561.814301 	     7.3702599473e+05
         6561.769742 	     9.1580968327e+05
         6561.725183 	     1.1352057480e+06
         6561.680625 	     1.3966985526e+06
         6561.636068 	     1.6966699888e+06
         6561.591511 	     2.0251848091e+06
         6561.546955 	     2.3663401087e+06
         6561.502399 	     2.7006025104e+06
         6561.457845 	     3.0086225285e+06
         6561.413290 	     3.2751789540e+06
         6561.368736 	     3.4914055089e+06
         6561.324183 	     3.6551355946e+06
         6561.279631 	     3.7690628964e+06
         6561.235079 	     3.8380015340e+06
         6561.190528 	     3.8663501411e+06
         6561.145977 	     3.8563234342e+06
         6561.101427 	     3.8070813633e+06
         6561.056877 	     3.7147517074e+06
         6561.012328 	     3.5734261646e+06
         6560.967780 	     3.3772560876e+06
         6560.923232 	     3.1235124534e+06
         6560.878685 	     2.8158234800e+06
         6560.834139 	     2.4662282031e+06
         6560.789593 	     2.0940731457e+06
         6560.745048 	     1.7228755953e+06
         6560.700503 	     1.3751515627e+06
         6560.655959 	     1.0678957900e+06
         6560.611416 	     8.1029727807e+05
         6560.566873 	     6.0391845281e+05
         6560.522331 	     4.4466106913e+05
         6560.477789 	     3.2530065528e+05
         6560.433248 	     2.3768246980e+05
         6560.388708 	     1.7417430313e+05
         6560.344168 	     1.2838128254e+05
         6560.299629 	     9.5325725832e+04
         6560.255090 	     7.1324560283e+04
         6560.210552 	     5.3743436242e+04
         6560.166015 	     4.0735859304e+04
         6560.121478 	     3.1018565871e+04
         6560.076942 	     2.3698467414e+04
         6560.032406 	     1.8148239013e+04
         6559.987871 	     1.3920782073e+04
         6559.943337 	     1.0691987583e+04
         6559.898803 	     8.2228901689e+03
         6559.854270 	     6.3346421834e+03
         6559.809737 	     4.8917680052e+03
         6559.765205 	     3.7907395452e+03
         6559.720674 	     2.9519838838e+03
         6559.676143 	     2.3141465513e+03
         6559.631613 	     1.8298689218e+03
         6559.587083 	     1.4626171322e+03
         6559.542555 	     1.1842589625e+03
         6559.498026 	     9.7319225814e+02
         6559.453498 	     8.1288674670e+02
         6559.408971 	     6.9074295483e+02
         6559.364445 	     5.9720198717e+02
         6559.319919 	     5.2504235301e+02
         6559.275394 	     4.6883486863e+02
         6559.230869 	     4.2451690356e+02
         6559.186345 	     3.8906226289e+02
         6559.141821 	     3.6022643241e+02
         6559.097298 	     3.3635120877e+02
         6559.052776 	     3.1621574216e+02
         6559.008255 	     2.9892349347e+02
         6558.963733 	     2.8381701284e+02
         6558.919213 	     2.7041436342e+02
         6558.874693 	     2.5836174490e+02
         6558.830174 	     2.4739843983e+02
         6558.785655 	     2.3733128494e+02
         6558.741137 	     2.2801579811e+02
         6558.696620 	     2.1934270520e+02
         6558.652103 	     2.1122814374e+02
         6558.607587 	     2.0360655483e+02
         6558.563071 	     1.9642576464e+02
         6558.518556 	     1.8964336531e+02
         6558.474042 	     1.8322413729e+02
         6558.429528 	     1.7713831531e+02
         6558.385015 	     1.7136024881e+02
         6558.340502 	     1.6586753131e+02
         6558.295990 	     1.6064028266e+02
         6558.251479 	     1.5566071531e+02
         6558.206968 	     1.5091272822e+02
         6558.162458 	     1.4638173375e+02
         6558.117948 	     1.4205434243e+02
         6558.073439 	     1.3791828488e+02
         6558.028931 	     1.3396224375e+02
         6557.984423 	     1.3017576862e+02
         6557.939916 	     1.2654917845e+02
         6557.895409 	     1.2307348939e+02
         6557.850903 	     1.1974035475e+02
         6557.806398 	     1.1654200680e+02
         6557.761893 	     1.1347121228e+02
         6557.717389 	     1.1052120589e+02
         6557.672885 	     1.0768569247e+02
         6557.628382 	     1.0495877532e+02
         6557.583880 	     1.0233492881e+02
