# Distance  Fibre_OffAxis
0.00000000e+00 3.46817044e-04
7.00700701e-04 3.49729330e-04
1.40140140e-03 3.58019114e-04
2.10210210e-03 3.71015786e-04
2.80280280e-03 3.88048736e-04
3.50350350e-03 4.08447355e-04
4.20420420e-03 4.33427560e-04
4.90490490e-03 5.47654945e-04
5.60560561e-03 7.94917730e-04
6.30630631e-03 1.17222809e-03
7.00700701e-03 1.67659821e-03
7.70770771e-03 2.30504027e-03
8.40840841e-03 3.05456643e-03
9.10910911e-03 3.92218889e-03
9.80980981e-03 4.90491982e-03
1.05105105e-02 5.99977140e-03
1.12112112e-02 7.20375580e-03
1.19119119e-02 8.51388521e-03
1.26126126e-02 9.92717181e-03
1.33133133e-02 1.14406278e-02
1.40140140e-02 1.30512653e-02
1.47147147e-02 1.47821534e-02
1.54154154e-02 1.77436928e-02
1.61161161e-02 2.23940632e-02
1.68168168e-02 2.85509837e-02
1.75175175e-02 3.60321734e-02
1.82182182e-02 4.46553515e-02
1.89189189e-02 5.42382371e-02
1.96196196e-02 6.45985493e-02
2.03203203e-02 7.55540071e-02
2.10210210e-02 8.69223299e-02
2.17217217e-02 9.85212366e-02
2.24224224e-02 1.10168446e-01
2.31231231e-02 1.21681678e-01
2.38238238e-02 1.33541100e-01
2.45245245e-02 1.47605186e-01
2.52252252e-02 1.63699104e-01
2.59259259e-02 1.81487787e-01
2.66266266e-02 2.00636172e-01
2.73273273e-02 2.20809193e-01
2.80280280e-02 2.41671784e-01
2.87287287e-02 2.62888882e-01
2.94294294e-02 2.84125421e-01
3.01301301e-02 3.05046335e-01
3.08308308e-02 3.25316561e-01
3.15315315e-02 3.44601032e-01
3.22322322e-02 3.62564685e-01
3.29329329e-02 3.78872453e-01
3.36336336e-02 3.93189273e-01
3.43343343e-02 4.05180078e-01
3.50350350e-02 4.14509804e-01
3.57357357e-02 4.20843387e-01
3.64364364e-02 4.24048812e-01
3.71371371e-02 4.26376955e-01
3.78378378e-02 4.28454677e-01
3.85385385e-02 4.30173211e-01
3.92392392e-02 4.31423792e-01
3.99399399e-02 4.32097654e-01
4.06406406e-02 4.31728803e-01
4.13413413e-02 4.28292662e-01
4.20420420e-02 4.21722106e-01
4.27427427e-02 4.12296405e-01
4.34434434e-02 4.00294827e-01
4.41441441e-02 3.85996643e-01
4.48448448e-02 3.69681120e-01
4.55455455e-02 3.51627529e-01
4.62462462e-02 3.32115138e-01
4.69469469e-02 3.11423216e-01
4.76476476e-02 2.89831033e-01
4.83483483e-02 2.67617857e-01
4.90490490e-02 2.45061162e-01
4.97497497e-02 2.12538415e-01
5.04504505e-02 1.75011585e-01
5.11511512e-02 1.50193069e-01
5.18518519e-02 1.30832262e-01
5.25525526e-02 1.14039218e-01
5.32532533e-02 9.92639675e-02
5.39539540e-02 8.59565420e-02
5.46546547e-02 7.35669726e-02
5.53553554e-02 6.13886111e-02
5.60560561e-02 4.92953242e-02
5.67567568e-02 3.86056413e-02
5.74574575e-02 3.07059769e-02
5.81581582e-02 2.63502593e-02
5.88588589e-02 2.28252050e-02
5.95595596e-02 1.96773285e-02
6.02602603e-02 1.69674446e-02
6.09609610e-02 1.47563683e-02
6.16616617e-02 1.31049145e-02
6.23623624e-02 1.20738979e-02
6.30630631e-02 1.17242507e-02
6.37637638e-02 1.25357493e-02
6.44644645e-02 1.45077431e-02
6.51651652e-02 1.70265891e-02
6.58658659e-02 1.94786445e-02
6.65665666e-02 2.17490681e-02
6.72672673e-02 2.41254434e-02
6.79679680e-02 2.61331771e-02
6.86686687e-02 2.81273113e-02
6.93693694e-02 3.01169540e-02
7.00700701e-02 3.19025660e-02
7.07707708e-02 3.32846084e-02
7.14714715e-02 3.40635421e-02
7.21721722e-02 3.41249974e-02
7.28728729e-02 3.38379711e-02
7.35735736e-02 3.33050590e-02
7.42742743e-02 3.25637934e-02
7.49749750e-02 3.16517065e-02
7.56756757e-02 3.06063307e-02
7.63763764e-02 2.94651982e-02
7.70770771e-02 2.82656647e-02
7.77777778e-02 2.65681309e-02
7.84784785e-02 2.42267910e-02
7.91791792e-02 2.16629753e-02
7.98798799e-02 1.92980142e-02
8.05805806e-02 1.72652464e-02
8.12812813e-02 1.52860725e-02
8.19819820e-02 1.34181291e-02
8.26826827e-02 1.17263966e-02
8.33833834e-02 1.02133237e-02
8.40840841e-02 8.74534547e-03
8.47847848e-02 7.35636127e-03
8.54854855e-02 6.09302215e-03
8.61861862e-02 5.00197911e-03
8.68868869e-02 4.12988317e-03
8.75875876e-02 3.42725794e-03
8.82882883e-02 2.78675007e-03
8.89889890e-02 2.27071357e-03
8.96896897e-02 1.94437592e-03
9.03903904e-02 1.80794633e-03
9.10910911e-02 1.69992750e-03
9.17917918e-02 1.60912112e-03
9.24924925e-02 1.53665132e-03
9.31931932e-02 1.48364222e-03
9.38938939e-02 1.45121796e-03
9.45945946e-02 1.44051690e-03
9.52952953e-02 1.47777605e-03
9.59959960e-02 1.57056230e-03
9.66966967e-02 1.69572187e-03
9.73973974e-02 1.83010097e-03
9.80980981e-02 1.95054584e-03
9.87987988e-02 2.03390269e-03
9.94994995e-02 2.06187489e-03
1.00200200e-01 2.07395753e-03
1.00900901e-01 2.08409113e-03
1.01601602e-01 2.09203345e-03
1.02302302e-01 2.09754228e-03
1.03003003e-01 2.10037541e-03
1.03703704e-01 2.09627818e-03
1.04404404e-01 2.06517440e-03
1.05105105e-01 2.00853916e-03
1.05805806e-01 1.93133875e-03
1.06506507e-01 1.83853947e-03
1.07207207e-01 1.73510760e-03
1.07907908e-01 1.62600944e-03
1.08608609e-01 1.51621128e-03
1.09309309e-01 1.41067940e-03
1.10010010e-01 1.31438010e-03
1.10710711e-01 1.23227968e-03
1.11411411e-01 1.16934442e-03
1.12112112e-01 1.13054061e-03
1.12812813e-01 1.12043911e-03
1.13513514e-01 1.12854160e-03
1.14214214e-01 1.14691102e-03
1.14914915e-01 1.17374654e-03
1.15615616e-01 1.20724734e-03
1.16316316e-01 1.24561260e-03
1.17017017e-01 1.28704149e-03
1.17717718e-01 1.32973318e-03
1.18418418e-01 1.37188686e-03
1.19119119e-01 1.41171483e-03
1.19819820e-01 1.46174932e-03
1.20520521e-01 1.52179604e-03
1.21221221e-01 1.57367551e-03
1.21921922e-01 1.59920827e-03
1.22622623e-01 1.59880251e-03
1.23323323e-01 1.59582385e-03
1.24024024e-01 1.59087881e-03
1.24724725e-01 1.58415860e-03
1.25425425e-01 1.57585440e-03
1.26126126e-01 1.56614251e-03
1.26826827e-01 1.53907948e-03
1.27527528e-01 1.48572728e-03
1.28228228e-01 1.41388019e-03
1.28928929e-01 1.33133246e-03
1.29629630e-01 1.24587835e-03
1.30330330e-01 1.16531212e-03
1.31031031e-01 1.09555309e-03
1.31731732e-01 1.02207927e-03
1.32432432e-01 9.41985335e-04
1.33133133e-01 8.57705971e-04
1.33833834e-01 7.71675872e-04
1.34534535e-01 6.86329730e-04
1.35235235e-01 6.04102236e-04
1.35935936e-01 5.27428081e-04
1.36636637e-01 4.58741958e-04
1.37337337e-01 4.00478558e-04
1.38038038e-01 3.55072572e-04
1.38738739e-01 3.24958693e-04
1.39439439e-01 3.12571612e-04
1.40140140e-01 3.12390171e-04
1.40840841e-01 3.12390171e-04
1.41541542e-01 3.12390171e-04
1.42242242e-01 3.12390171e-04
1.42942943e-01 3.12390171e-04
1.43643644e-01 3.12390171e-04
1.44344344e-01 3.12632425e-04
1.45045045e-01 3.20234863e-04
1.45745746e-01 3.36036054e-04
1.46446446e-01 3.56690657e-04
1.47147147e-01 3.78853335e-04
1.47847848e-01 3.99178747e-04
1.48548549e-01 4.14321556e-04
1.49249249e-01 4.22443830e-04
1.49949950e-01 4.29236546e-04
1.50650651e-01 4.35342176e-04
1.51351351e-01 4.40374975e-04
1.52052052e-01 4.43949193e-04
1.52752753e-01 4.45679084e-04
1.53453453e-01 4.43992121e-04
1.54154154e-01 4.35829851e-04
1.54854855e-01 4.22083657e-04
1.55555556e-01 4.03878769e-04
1.56256256e-01 3.82340419e-04
1.56956957e-01 3.58593838e-04
1.57657658e-01 3.33764257e-04
1.58358358e-01 3.08976908e-04
1.59059059e-01 2.85357021e-04
1.59759760e-01 2.64029828e-04
1.60460460e-01 2.46120560e-04
1.61161161e-01 2.32754448e-04
1.61861862e-01 2.25056723e-04
1.62562563e-01 2.23852909e-04
1.63263263e-01 2.26523811e-04
1.63963964e-01 2.31653666e-04
1.64664665e-01 2.38562349e-04
1.65365365e-01 2.46569735e-04
1.66066066e-01 2.54995699e-04
1.66766767e-01 2.64209446e-04
1.67467467e-01 2.78223492e-04
1.68168168e-01 2.95408568e-04
1.68868869e-01 3.13308875e-04
1.69569570e-01 3.29468612e-04
1.70270270e-01 3.41431980e-04
1.70970971e-01 3.46743181e-04
1.71671672e-01 3.46519725e-04
1.72372372e-01 3.45492349e-04
1.73073073e-01 3.43800497e-04
1.73773774e-01 3.41516111e-04
1.74474474e-01 3.38711134e-04
1.75175175e-01 3.35457507e-04
1.75875876e-01 3.31622017e-04
1.76576577e-01 3.21705823e-04
1.77277277e-01 3.05421124e-04
1.77977978e-01 2.85739057e-04
1.78678679e-01 2.65630756e-04
1.79379379e-01 2.48067357e-04
1.80080080e-01 2.36019996e-04
1.80780781e-01 2.30980266e-04
1.81481481e-01 2.27282809e-04
1.82182182e-01 2.24109508e-04
1.82882883e-01 2.21591780e-04
1.83583584e-01 2.19861040e-04
1.84284284e-01 2.19048703e-04
1.84984985e-01 2.20915599e-04
1.85685686e-01 2.29184025e-04
1.86386386e-01 2.42308003e-04
1.87087087e-01 2.58443704e-04
1.87787788e-01 2.75747301e-04
1.88488488e-01 2.92374964e-04
1.89189189e-01 3.06490484e-04
1.89889890e-01 3.20386832e-04
1.90590591e-01 3.35913686e-04
1.91291291e-01 3.51543326e-04
1.91991992e-01 3.65748031e-04
1.92692693e-01 3.77000080e-04
1.93393393e-01 3.83771753e-04
1.94094094e-01 3.84867348e-04
1.94794795e-01 3.82758750e-04
1.95495495e-01 3.78600597e-04
1.96196196e-01 3.72782853e-04
1.96896897e-01 3.65695480e-04
1.97597598e-01 3.57728441e-04
1.98298298e-01 3.49271698e-04
1.98998999e-01 3.39006030e-04
1.99699700e-01 3.23409702e-04
2.00400400e-01 3.04232958e-04
2.01101101e-01 2.83523074e-04
2.01801802e-01 2.63327325e-04
2.02502503e-01 2.45692988e-04
2.03203203e-01 2.32658892e-04
2.03903904e-01 2.22106965e-04
2.04604605e-01 2.11781484e-04
2.05305305e-01 2.02512077e-04
2.06006006e-01 1.95128374e-04
2.06706707e-01 1.90460003e-04
2.07407407e-01 1.89292638e-04
2.08108108e-01 1.90904356e-04
2.08808809e-01 1.94487758e-04
2.09509510e-01 1.99693669e-04
2.10210210e-01 2.06172912e-04
2.10910911e-01 2.13576311e-04
2.11611612e-01 2.21554691e-04
2.12312312e-01 2.29758876e-04
2.13013013e-01 2.37839689e-04
2.13713714e-01 2.45447955e-04
2.14414414e-01 2.52234497e-04
2.15115115e-01 2.57850140e-04
2.15815816e-01 2.61945707e-04
2.16516517e-01 2.64172023e-04
2.17217217e-01 2.65082934e-04
2.17917918e-01 2.65920725e-04
2.18618619e-01 2.66694150e-04
2.19319319e-01 2.67397443e-04
2.20020020e-01 2.68024840e-04
2.20720721e-01 2.68570577e-04
2.21421421e-01 2.69028889e-04
2.22122122e-01 2.69394012e-04
2.22822823e-01 2.69660180e-04
2.23523524e-01 2.69821629e-04
2.24224224e-01 2.69872761e-04
2.24924925e-01 2.69872761e-04
2.25625626e-01 2.69872761e-04
2.26326326e-01 2.69872761e-04
2.27027027e-01 2.69872761e-04
2.27727728e-01 2.69872761e-04
2.28428428e-01 2.69872761e-04
2.29129129e-01 2.69872761e-04
2.29829830e-01 2.69872761e-04
2.30530531e-01 2.69872761e-04
2.31231231e-01 2.69872761e-04
2.31931932e-01 2.69872761e-04
2.32632633e-01 2.69872761e-04
2.33333333e-01 2.69872761e-04
2.34034034e-01 2.69872761e-04
2.34734735e-01 2.69732752e-04
2.35435435e-01 2.69272504e-04
2.36136136e-01 2.68543251e-04
2.36836837e-01 2.67598513e-04
2.37537538e-01 2.66491814e-04
2.38238238e-01 2.65276673e-04
2.38938939e-01 2.63980820e-04
2.39639640e-01 2.62013690e-04
2.40340340e-01 2.59302781e-04
2.41041041e-01 2.56107554e-04
2.41741742e-01 2.52687471e-04
2.42442442e-01 2.49301993e-04
2.43143143e-01 2.46210581e-04
2.43843844e-01 2.43672696e-04
2.44544545e-01 2.41661179e-04
2.45245245e-01 2.39613361e-04
2.45945946e-01 2.37630260e-04
2.46646647e-01 2.35852726e-04
2.47347347e-01 2.34421611e-04
2.48048048e-01 2.33477767e-04
2.48748749e-01 2.33162069e-04
2.49449449e-01 2.33573755e-04
2.50150150e-01 2.34633567e-04
2.50850851e-01 2.36216620e-04
2.51551552e-01 2.38198028e-04
2.52252252e-01 2.40452903e-04
2.52952953e-01 2.42856361e-04
2.53653654e-01 2.45283515e-04
2.54354354e-01 2.47609479e-04
2.55055055e-01 2.49709367e-04
2.55755756e-01 2.51458292e-04
2.56456456e-01 2.52731369e-04
2.57157157e-01 2.53403712e-04
2.57857858e-01 2.53315687e-04
2.58558559e-01 2.52324408e-04
2.59259259e-01 2.50633027e-04
2.59959960e-01 2.48477496e-04
2.60660661e-01 2.46093766e-04
2.61361361e-01 2.43717790e-04
2.62062062e-01 2.41326242e-04
2.62762763e-01 2.38405267e-04
2.63463463e-01 2.35018116e-04
2.64164164e-01 2.31262194e-04
2.64864865e-01 2.27234906e-04
2.65565566e-01 2.23033660e-04
2.66266266e-01 2.18755859e-04
2.66966967e-01 2.14498910e-04
2.67667668e-01 2.10360218e-04
2.68368368e-01 2.06437188e-04
2.69069069e-01 2.02827228e-04
2.69769770e-01 1.99627741e-04
2.70470470e-01 1.96936133e-04
2.71171171e-01 1.94849811e-04
2.71871872e-01 1.93466180e-04
2.72572573e-01 1.92664374e-04
2.73273273e-01 1.91932486e-04
2.73973974e-01 1.91257309e-04
2.74674675e-01 1.90654071e-04
2.75375375e-01 1.90138003e-04
2.76076076e-01 1.89724335e-04
2.76776777e-01 1.89428297e-04
2.77477477e-01 1.89265117e-04
2.78178178e-01 1.89242785e-04
2.78878879e-01 1.89302629e-04
2.79579580e-01 1.89424052e-04
2.80280280e-01 1.89601574e-04
2.80980981e-01 1.89829715e-04
2.81681682e-01 1.90102996e-04
2.82382382e-01 1.90415936e-04
2.83083083e-01 1.90763056e-04
2.83783784e-01 1.91138875e-04
2.84484484e-01 1.91537913e-04
2.85185185e-01 1.91954691e-04
2.85885886e-01 1.92383729e-04
2.86586587e-01 1.92819546e-04
2.87287287e-01 1.93257176e-04
2.87987988e-01 1.93809872e-04
2.88688689e-01 1.94544208e-04
2.89389389e-01 1.95427412e-04
2.90090090e-01 1.96426715e-04
2.90790791e-01 1.97509347e-04
2.91491491e-01 1.98642536e-04
2.92192192e-01 1.99793513e-04
2.92892893e-01 2.00929507e-04
2.93593594e-01 2.02017748e-04
2.94294294e-01 2.03025466e-04
2.94994995e-01 2.03919890e-04
2.95695696e-01 2.04668250e-04
2.96396396e-01 2.05237776e-04
2.97097097e-01 2.05595697e-04
2.97797798e-01 2.05709935e-04
2.98498498e-01 2.05709935e-04
2.99199199e-01 2.05709935e-04
2.99899900e-01 2.05709935e-04
3.00600601e-01 2.05709935e-04
3.01301301e-01 2.05709935e-04
3.02002002e-01 2.05709935e-04
3.02702703e-01 2.05709935e-04
3.03403403e-01 2.05709935e-04
3.04104104e-01 2.05709935e-04
3.04804805e-01 2.05709935e-04
3.05505506e-01 2.05709935e-04
3.06206206e-01 2.05648195e-04
3.06906907e-01 2.05000045e-04
3.07607608e-01 2.03719465e-04
3.08308308e-01 2.01897772e-04
3.09009009e-01 1.99626279e-04
3.09709710e-01 1.96996303e-04
3.10410410e-01 1.94099160e-04
3.11111111e-01 1.91026163e-04
3.11811812e-01 1.87868630e-04
3.12512513e-01 1.84717875e-04
3.13213213e-01 1.81665213e-04
3.13913914e-01 1.78801960e-04
3.14614615e-01 1.76219432e-04
3.15315315e-01 1.74008944e-04
3.16016016e-01 1.72261810e-04
3.16716717e-01 1.71069347e-04
3.17417417e-01 1.70522870e-04
3.18118118e-01 1.70518282e-04
3.18818819e-01 1.70608413e-04
3.19519520e-01 1.70766935e-04
3.20220220e-01 1.70990020e-04
3.20920921e-01 1.71273839e-04
3.21621622e-01 1.71614566e-04
3.22322322e-01 1.72008372e-04
3.23023023e-01 1.72451430e-04
3.23723724e-01 1.72939912e-04
3.24424424e-01 1.73469991e-04
3.25125125e-01 1.74037838e-04
3.25825826e-01 1.75024474e-04
3.26526527e-01 1.76898548e-04
3.27227227e-01 1.79550130e-04
3.27927928e-01 1.82865449e-04
3.28628629e-01 1.86730732e-04
3.29329329e-01 1.91032209e-04
3.30030030e-01 1.95656107e-04
3.30730731e-01 2.00488655e-04
3.31431431e-01 2.05416082e-04
3.32132132e-01 2.10324615e-04
3.32832833e-01 2.15100483e-04
3.33533534e-01 2.19629914e-04
3.34234234e-01 2.23799138e-04
3.34934935e-01 2.27494381e-04
3.35635636e-01 2.30996685e-04
3.36336336e-01 2.34904847e-04
3.37037037e-01 2.38636479e-04
3.37737738e-01 2.41558077e-04
3.38438438e-01 2.43036135e-04
3.39139139e-01 2.42917004e-04
3.39839840e-01 2.42132341e-04
3.40540541e-01 2.40844979e-04
3.41241241e-01 2.39170851e-04
3.41941942e-01 2.37225891e-04
3.42642643e-01 2.35126033e-04
3.43343343e-01 2.32982160e-04
3.44044044e-01 2.30068926e-04
3.44744745e-01 2.25987913e-04
3.45445445e-01 2.20998033e-04
3.46146146e-01 2.15358198e-04
3.46846847e-01 2.09327317e-04
3.47547548e-01 2.03164303e-04
3.48248248e-01 1.97128067e-04
3.48948949e-01 1.91477520e-04
3.49649650e-01 1.86471573e-04
3.50350350e-01 1.82369138e-04
3.51051051e-01 1.79429125e-04
3.51751752e-01 1.77910447e-04
3.52452452e-01 1.77868863e-04
3.53153153e-01 1.78521313e-04
3.53853854e-01 1.79660379e-04
3.54554555e-01 1.81171084e-04
3.55255255e-01 1.82938452e-04
3.55955956e-01 1.84847506e-04
3.56656657e-01 1.87253386e-04
3.57357357e-01 1.91109401e-04
3.58058058e-01 1.96206400e-04
3.58758759e-01 2.02282294e-04
3.59459459e-01 2.09074994e-04
3.60160160e-01 2.16322409e-04
3.60860861e-01 2.23762449e-04
3.61561562e-01 2.31133025e-04
3.62262262e-01 2.38172046e-04
3.62962963e-01 2.44617423e-04
3.63663664e-01 2.50207066e-04
3.64364364e-01 2.54678884e-04
3.65065065e-01 2.57770788e-04
3.65765766e-01 2.59377162e-04
3.66466466e-01 2.60626583e-04
3.67167167e-01 2.61761017e-04
3.67867868e-01 2.62737136e-04
3.68568569e-01 2.63511613e-04
3.69269269e-01 2.64041120e-04
3.69969970e-01 2.64282330e-04
3.70670671e-01 2.63959824e-04
3.71371371e-01 2.62587789e-04
3.72072072e-01 2.60321560e-04
3.72772773e-01 2.57343227e-04
3.73473473e-01 2.53834878e-04
3.74174174e-01 2.49978601e-04
3.74874875e-01 2.45956485e-04
3.75575576e-01 2.41950620e-04
3.76276276e-01 2.38143092e-04
3.76976977e-01 2.34715992e-04
3.77677678e-01 2.31851407e-04
3.78378378e-01 2.29731427e-04
3.79079079e-01 2.28538139e-04
3.79779780e-01 2.28371272e-04
3.80480480e-01 2.28651876e-04
3.81181181e-01 2.29191045e-04
3.81881882e-01 2.29939454e-04
3.82582583e-01 2.30847775e-04
3.83283283e-01 2.31866680e-04
3.83983984e-01 2.32946844e-04
3.84684685e-01 2.34038938e-04
3.85385385e-01 2.35093636e-04
3.86086086e-01 2.36061610e-04
3.86786787e-01 2.36893534e-04
3.87487487e-01 2.37540079e-04
3.88188188e-01 2.37951920e-04
3.88888889e-01 2.38078150e-04
3.89589590e-01 2.37687866e-04
3.90290290e-01 2.36725139e-04
3.90990991e-01 2.35308676e-04
3.91691692e-01 2.33557184e-04
3.92392392e-01 2.31589370e-04
3.93093093e-01 2.29523941e-04
3.93793794e-01 2.27396631e-04
3.94494494e-01 2.24647625e-04
3.95195195e-01 2.21243916e-04
3.95895896e-01 2.17301752e-04
3.96596597e-01 2.12937377e-04
3.97297297e-01 2.08267038e-04
3.97997998e-01 2.03406982e-04
3.98698699e-01 1.98473453e-04
3.99399399e-01 1.93582698e-04
4.00100100e-01 1.88850963e-04
4.00800801e-01 1.84394494e-04
4.01501502e-01 1.80329536e-04
4.02202202e-01 1.76772337e-04
4.02902903e-01 1.73833934e-04
4.03603604e-01 1.71018513e-04
4.04304304e-01 1.68204762e-04
4.05005005e-01 1.65769549e-04
4.05705706e-01 1.64089746e-04
4.06406406e-01 1.63538118e-04
4.07107107e-01 1.63879818e-04
4.07807808e-01 1.64718656e-04
4.08508509e-01 1.65951051e-04
4.09209209e-01 1.67473421e-04
4.09909910e-01 1.69182184e-04
4.10610611e-01 1.71015609e-04
4.11311311e-01 1.73690536e-04
4.12012012e-01 1.77389223e-04
4.12712713e-01 1.81966169e-04
4.13413413e-01 1.87275873e-04
4.14114114e-01 1.93172833e-04
4.14814815e-01 1.99511547e-04
4.15515516e-01 2.06146515e-04
4.16216216e-01 2.12932234e-04
4.16916917e-01 2.19723205e-04
4.17617618e-01 2.26373924e-04
4.18318318e-01 2.32738891e-04
4.19019019e-01 2.38672604e-04
4.19719720e-01 2.44029563e-04
4.20420420e-01 2.48672775e-04
4.21121121e-01 2.53378180e-04
4.21821822e-01 2.58339992e-04
4.22522523e-01 2.63010006e-04
4.23223223e-01 2.66840019e-04
4.23923924e-01 2.69281827e-04
4.24624625e-01 2.69844122e-04
4.25325325e-01 2.69268535e-04
4.26026026e-01 2.68060678e-04
4.26726727e-01 2.66362138e-04
4.27427427e-01 2.64314507e-04
4.28128128e-01 2.62059372e-04
4.28828829e-01 2.59738324e-04
4.29529530e-01 2.57321649e-04
4.30230230e-01 2.54228922e-04
4.30930931e-01 2.50474054e-04
4.31631632e-01 2.46144291e-04
4.32332332e-01 2.41326878e-04
4.33033033e-01 2.36109063e-04
4.33733734e-01 2.30578090e-04
4.34434434e-01 2.24821206e-04
4.35135135e-01 2.18925658e-04
4.35835836e-01 2.12978691e-04
4.36536537e-01 2.07067551e-04
4.37237237e-01 2.01279486e-04
4.37937938e-01 1.95701740e-04
4.38638639e-01 1.90421561e-04
4.39339339e-01 1.85526193e-04
4.40040040e-01 1.81102885e-04
4.40740741e-01 1.77238880e-04
4.41441441e-01 1.74021426e-04
4.42142142e-01 1.71537769e-04
4.42842843e-01 1.69809095e-04
4.43543544e-01 1.68371611e-04
4.44244244e-01 1.67097994e-04
4.44944945e-01 1.65963169e-04
4.45645646e-01 1.64942056e-04
4.46346346e-01 1.64009580e-04
4.47047047e-01 1.63140662e-04
4.47747748e-01 1.62310226e-04
4.48448448e-01 1.61493194e-04
4.49149149e-01 1.60664489e-04
4.49849850e-01 1.59799034e-04
4.50550551e-01 1.58871751e-04
4.51251251e-01 1.57857564e-04
4.51951952e-01 1.56731216e-04
4.52652653e-01 1.55460585e-04
4.53353353e-01 1.54056627e-04
4.54054054e-01 1.52550023e-04
4.54754755e-01 1.50971451e-04
4.55455455e-01 1.49351591e-04
4.56156156e-01 1.47721124e-04
4.56856857e-01 1.46110727e-04
4.57557558e-01 1.44551082e-04
4.58258258e-01 1.43072868e-04
4.58958959e-01 1.41706763e-04
4.59659660e-01 1.40483449e-04
4.60360360e-01 1.39433604e-04
4.61061061e-01 1.38587908e-04
4.61761762e-01 1.37894844e-04
4.62462462e-01 1.37212943e-04
4.63163163e-01 1.36587762e-04
4.63863864e-01 1.36071856e-04
4.64564565e-01 1.35717774e-04
4.65265265e-01 1.35578070e-04
4.65965966e-01 1.35714364e-04
4.66666667e-01 1.36134671e-04
4.67367367e-01 1.36803059e-04
4.68068068e-01 1.37683524e-04
4.68768769e-01 1.38740056e-04
4.69469469e-01 1.39936650e-04
4.70170170e-01 1.41237299e-04
4.70870871e-01 1.42605994e-04
4.71571572e-01 1.44006729e-04
4.72272272e-01 1.45569623e-04
4.72972973e-01 1.47605682e-04
4.73673674e-01 1.50052746e-04
4.74374374e-01 1.52834954e-04
4.75075075e-01 1.55876448e-04
4.75775776e-01 1.59101370e-04
4.76476476e-01 1.62433859e-04
4.77177177e-01 1.65798058e-04
4.77877878e-01 1.69118106e-04
4.78578579e-01 1.72318146e-04
4.79279279e-01 1.75322318e-04
4.79979980e-01 1.78059173e-04
4.80680681e-01 1.80854757e-04
4.81381381e-01 1.83880497e-04
4.82082082e-01 1.87040176e-04
4.82782783e-01 1.90237581e-04
4.83483483e-01 1.93376497e-04
4.84184184e-01 1.96360709e-04
4.84884885e-01 1.99094001e-04
4.85585586e-01 2.01480160e-04
4.86286286e-01 2.03422971e-04
4.86986987e-01 2.04826218e-04
4.87687688e-01 2.05593687e-04
4.88388388e-01 2.05709935e-04
4.89089089e-01 2.05709935e-04
4.89789790e-01 2.05709935e-04
4.90490490e-01 2.05709935e-04
4.91191191e-01 2.05709935e-04
4.91891892e-01 2.05709935e-04
4.92592593e-01 2.05198240e-04
4.93293293e-01 2.02469856e-04
4.93993994e-01 1.97939219e-04
4.94694695e-01 1.92232936e-04
4.95395395e-01 1.85977616e-04
4.96096096e-01 1.79799865e-04
4.96796797e-01 1.74326292e-04
4.97497497e-01 1.69230795e-04
4.98198198e-01 1.63668936e-04
4.98898899e-01 1.57757562e-04
4.99599600e-01 1.51615784e-04
5.00300300e-01 1.45362713e-04
5.01001001e-01 1.39117461e-04
5.01701702e-01 1.32999138e-04
5.02402402e-01 1.27126857e-04
5.03103103e-01 1.21619729e-04
5.03803804e-01 1.16596864e-04
5.04504505e-01 1.12177374e-04
5.05205205e-01 1.08480370e-04
5.05905906e-01 1.05624965e-04
5.06606607e-01 1.03730268e-04
5.07307307e-01 1.02580206e-04
5.08008008e-01 1.01536930e-04
5.08708709e-01 1.00629573e-04
5.09409409e-01 9.99112280e-05
5.10110110e-01 9.94349896e-05
5.10810811e-01 9.92539515e-05
5.11511512e-01 9.93654994e-05
5.12212212e-01 9.97056914e-05
5.12912913e-01 1.00247938e-04
5.13613614e-01 1.00965745e-04
5.14314314e-01 1.01832622e-04
5.15015015e-01 1.02822075e-04
5.15715716e-01 1.03907610e-04
5.16416416e-01 1.05062736e-04
5.17117117e-01 1.06260960e-04
5.17817818e-01 1.07475789e-04
5.18518519e-01 1.08680730e-04
5.19219219e-01 1.09849291e-04
5.19919920e-01 1.10954978e-04
5.20620621e-01 1.11971299e-04
5.21321321e-01 1.12871761e-04
5.22022022e-01 1.13629871e-04
5.22722723e-01 1.14219137e-04
5.23423423e-01 1.14613066e-04
5.24124124e-01 1.14785165e-04
5.24824825e-01 1.14790643e-04
5.25525526e-01 1.14790643e-04
5.26226226e-01 1.14790643e-04
5.26926927e-01 1.14790643e-04
5.27627628e-01 1.14790643e-04
5.28328328e-01 1.14790643e-04
5.29029029e-01 1.14790643e-04
5.29729730e-01 1.14790643e-04
5.30430430e-01 1.14790643e-04
5.31131131e-01 1.14790643e-04
5.31831832e-01 1.14790643e-04
5.32532533e-01 1.14787128e-04
5.33233233e-01 1.14529418e-04
5.33933934e-01 1.13918457e-04
5.34634635e-01 1.13031788e-04
5.35335335e-01 1.11946955e-04
5.36036036e-01 1.10741503e-04
5.36736737e-01 1.09492975e-04
5.37437437e-01 1.08278915e-04
5.38138138e-01 1.07080460e-04
5.38838839e-01 1.05610732e-04
5.39539540e-01 1.03900658e-04
5.40240240e-01 1.02014686e-04
5.40940941e-01 1.00017263e-04
5.41641642e-01 9.79728369e-05
5.42342342e-01 9.59458547e-05
5.43043043e-01 9.40007638e-05
5.43743744e-01 9.22020115e-05
5.44444444e-01 9.06140453e-05
5.45145145e-01 8.93013123e-05
5.45845846e-01 8.83282600e-05
5.46546547e-01 8.77593357e-05
5.47247247e-01 8.76395994e-05
5.47947948e-01 8.77002171e-05
5.48648649e-01 8.78263902e-05
5.49349349e-01 8.80056984e-05
5.50050050e-01 8.82257209e-05
5.50750751e-01 8.84740373e-05
5.51451451e-01 8.87382270e-05
5.52152152e-01 8.90058694e-05
5.52852853e-01 8.92645441e-05
5.53553554e-01 8.95025388e-05
5.54254254e-01 8.97582563e-05
5.54954955e-01 9.00528313e-05
5.55655656e-01 9.03770427e-05
5.56356356e-01 9.07216692e-05
5.57057057e-01 9.10774896e-05
5.57757758e-01 9.14352829e-05
5.58458458e-01 9.17858277e-05
5.59159159e-01 9.21199029e-05
5.59859860e-01 9.24282872e-05
5.60560561e-01 9.27017595e-05
5.61261261e-01 9.29310986e-05
5.61961962e-01 9.31070833e-05
5.62662663e-01 9.32204924e-05
5.63363363e-01 9.32621047e-05
5.64064064e-01 9.31775503e-05
5.64764765e-01 9.29208537e-05
5.65465465e-01 9.25052400e-05
5.66166166e-01 9.19439897e-05
5.66866867e-01 9.12503831e-05
5.67567568e-01 9.04377004e-05
5.68268268e-01 8.95192219e-05
5.68968969e-01 8.85082281e-05
5.69669670e-01 8.74179991e-05
5.70370370e-01 8.62618153e-05
5.71071071e-01 8.50529571e-05
5.71771772e-01 8.38047046e-05
5.72472472e-01 8.25303383e-05
5.73173173e-01 8.12431384e-05
5.73873874e-01 7.99563852e-05
5.74574575e-01 7.86833591e-05
5.75275275e-01 7.74373404e-05
5.75975976e-01 7.62316093e-05
5.76676677e-01 7.50247182e-05
5.77377377e-01 7.36494413e-05
5.78078078e-01 7.21376736e-05
5.78778779e-01 7.05398674e-05
5.79479479e-01 6.89064751e-05
5.80180180e-01 6.72879491e-05
5.80880881e-01 6.57347418e-05
5.81581582e-01 6.42973055e-05
5.82282282e-01 6.30260927e-05
5.82982983e-01 6.19715557e-05
5.83683684e-01 6.11222198e-05
5.84384384e-01 6.02896832e-05
5.85085085e-01 5.94672061e-05
5.85785786e-01 5.86670054e-05
5.86486486e-01 5.79012982e-05
5.87187187e-01 5.71823014e-05
5.87887888e-01 5.65222320e-05
5.88588589e-01 5.59333070e-05
5.89289289e-01 5.54277433e-05
5.89989990e-01 5.50177579e-05
5.90690691e-01 5.47155679e-05
5.91391391e-01 5.45333901e-05
5.92092092e-01 5.44833993e-05
5.92792793e-01 5.45682282e-05
5.93493493e-01 5.47704750e-05
5.94194194e-01 5.50703765e-05
5.94894895e-01 5.54481692e-05
5.95595596e-01 5.58840899e-05
5.96296296e-01 5.63583751e-05
5.96996997e-01 5.68512617e-05
5.97697698e-01 5.73429862e-05
5.98398398e-01 5.78137853e-05
5.99099099e-01 5.82438956e-05
5.99799800e-01 5.86135539e-05
6.00500501e-01 5.89029968e-05
6.01201201e-01 5.90924609e-05
6.01901902e-01 5.91621830e-05
6.02602603e-01 5.91622211e-05
6.03303303e-01 5.91622211e-05
6.04004004e-01 5.91622211e-05
6.04704705e-01 5.91622211e-05
6.05405405e-01 5.91622211e-05
6.06106106e-01 5.91622211e-05
6.06806807e-01 5.91622211e-05
6.07507508e-01 5.91622211e-05
6.08208208e-01 5.91622211e-05
6.08908909e-01 5.91622211e-05
6.09609610e-01 5.91622211e-05
6.10310310e-01 5.91622211e-05
6.11011011e-01 5.91622211e-05
6.11711712e-01 5.91622211e-05
6.12412412e-01 5.91622211e-05
6.13113113e-01 5.91622211e-05
6.13813814e-01 5.91622211e-05
6.14514515e-01 5.92143293e-05
6.15215215e-01 5.96240520e-05
6.15915916e-01 6.03633454e-05
6.16616617e-01 6.13385707e-05
6.17317317e-01 6.24560893e-05
6.18018018e-01 6.36222625e-05
6.18718719e-01 6.47434516e-05
6.19419419e-01 6.57260181e-05
6.20120120e-01 6.64763232e-05
6.20820821e-01 6.69007282e-05
6.21521522e-01 6.69491506e-05
6.22222222e-01 6.68472315e-05
6.22922923e-01 6.66493674e-05
6.23623624e-01 6.63639145e-05
6.24324324e-01 6.59992295e-05
6.25025025e-01 6.55636686e-05
6.25725726e-01 6.50655884e-05
6.26426426e-01 6.45133453e-05
6.27127127e-01 6.39152956e-05
6.27827828e-01 6.32797959e-05
6.28528529e-01 6.25519588e-05
6.29229229e-01 6.13700641e-05
6.29929930e-01 5.97652926e-05
6.30630631e-01 5.78457899e-05
6.31331331e-01 5.57197016e-05
6.32032032e-01 5.34951731e-05
6.32732733e-01 5.12803501e-05
6.33433433e-01 4.91833782e-05
6.34134134e-01 4.73124028e-05
6.34834835e-01 4.57443433e-05
6.35535536e-01 4.41440874e-05
6.36236236e-01 4.24760878e-05
6.36936937e-01 4.08487567e-05
6.37637638e-01 3.93705061e-05
6.38338338e-01 3.81497483e-05
6.39039039e-01 3.72948952e-05
6.39739740e-01 3.69143591e-05
6.40440440e-01 3.69046012e-05
6.41141141e-01 3.69046012e-05
6.41841842e-01 3.69046012e-05
6.42542543e-01 3.69046012e-05
6.43243243e-01 3.69046012e-05
6.43943944e-01 3.69046012e-05
6.44644645e-01 3.69046012e-05
6.45345345e-01 3.69046012e-05
6.46046046e-01 3.69046012e-05
6.46746747e-01 3.70523806e-05
6.47447447e-01 3.77599317e-05
6.48148148e-01 3.88749814e-05
6.48848849e-01 4.01999033e-05
6.49549550e-01 4.15370709e-05
6.50250250e-01 4.26888579e-05
6.50950951e-01 4.34576378e-05
6.51651652e-01 4.39581833e-05
6.52352352e-01 4.44413319e-05
6.53053053e-01 4.48935263e-05
6.53753754e-01 4.53011699e-05
6.54454454e-01 4.56506658e-05
6.55155155e-01 4.59284174e-05
6.55855856e-01 4.61208280e-05
6.56556557e-01 4.62143008e-05
6.57257257e-01 4.62028801e-05
6.57957958e-01 4.61099541e-05
6.58658659e-01 4.59481393e-05
6.59359359e-01 4.57284419e-05
6.60060060e-01 4.54618686e-05
6.60760761e-01 4.51594257e-05
6.61461461e-01 4.48321196e-05
6.62162162e-01 4.44909568e-05
6.62862863e-01 4.41469437e-05
6.63563564e-01 4.38110868e-05
6.64264264e-01 4.34943924e-05
6.64964965e-01 4.32078670e-05
6.65665666e-01 4.29625171e-05
6.66366366e-01 4.27693491e-05
6.67067067e-01 4.26393693e-05
6.67767768e-01 4.25835844e-05
6.68468468e-01 4.27242213e-05
6.69169169e-01 4.32419020e-05
6.69869870e-01 4.40800872e-05
6.70570571e-01 4.51769119e-05
6.71271271e-01 4.64705108e-05
6.71971972e-01 4.78990188e-05
6.72672673e-01 4.94095079e-05
6.73373373e-01 5.13809582e-05
6.74074074e-01 5.39917311e-05
6.74774775e-01 5.71735982e-05
6.75475475e-01 6.08583311e-05
6.76176176e-01 6.49777015e-05
6.76876877e-01 6.94634808e-05
6.77577578e-01 7.42474407e-05
6.78278278e-01 7.92613529e-05
6.78978979e-01 8.44369890e-05
6.79679680e-01 8.97061205e-05
6.80380380e-01 9.50377487e-05
6.81081081e-01 1.00862187e-04
6.81781782e-01 1.07271767e-04
6.82482482e-01 1.14203825e-04
6.83183183e-01 1.21595699e-04
6.83883884e-01 1.29384724e-04
6.84584585e-01 1.37508237e-04
6.85285285e-01 1.45903575e-04
6.85985986e-01 1.55709398e-04
6.86686687e-01 1.64700323e-04
6.87387387e-01 1.71894580e-04
6.88088088e-01 1.78909683e-04
6.88788789e-01 1.85336878e-04
6.89489489e-01 1.90767411e-04
6.90190190e-01 1.94792530e-04
6.90890891e-01 1.97003482e-04
6.91591592e-01 1.97246446e-04
6.92292292e-01 1.96821861e-04
6.92992993e-01 1.96007383e-04
6.93693694e-01 1.94840183e-04
6.94394394e-01 1.93357433e-04
6.95095095e-01 1.91596304e-04
6.95795796e-01 1.89593967e-04
6.96496496e-01 1.86446627e-04
6.97197197e-01 1.80709834e-04
6.97897898e-01 1.72837159e-04
6.98598599e-01 1.63322478e-04
6.99299299e-01 1.52659668e-04
7.00000000e-01 1.41342607e-04
